16
19
20
35
38
43
44
50
60
63
68
71
81
87
91
95
97
98
105
112
115
116
117
118
119
121
123
127
130
134
135
147
149
150
154
160
163
166
167
171
174
179
182
185
192
193
194
195
198
203
206
209
212
213
214
217
221
223
227
236
238
239
249
257
263
266
268
272
279
281
287
289
292
303
304
312
319
321
323
340
343
349
351
352
354
355
358
360
362
364
366
367
378
384
389
390
392
400
401
410
426
428
433
437
440
442
445
448
456
457
459
462
466
469
472
476
480
482
485
486
487
493
496
498
499
503
504
514
515
516
517
519
523
524
525
531
533
534
537
554
555
558
568
575
587
589
590
592
595
598
608
617
630
631
639
641
647
648
649
651
652
654
659
665
674
684
685
687
688
690
695
702
703
707
709
711
712
713
714
720
724
729
746
749
751
752
762
763
764
766
773
775
780
782
787
789
797
798
811
813
815
817
818
820
822
824
826
832
836
841
845
847
852
855
856
858
859
867
868
871
873
877
882
884
886
890
900
903
904
907
915
917
919
923
924
925
927
928
930
933
937
942
946
954
956
961
962
963
966
967
972
975
977
979
982
987
990
993
994
995
999
1003
1014
1023
1034
1043
1045
1050
1051
1074
1077
1080
1091
1095
1097
1099
1102
1104
1109
1110
1116
1124
1125
1131
1136
1140
1148
1154
1158
1163
1170
1172
1183
1184
1187
1188
1194
1202
1214
1216
1219
1221
1222
1226
1232
1240
1242
1246
1247
1258
1269
1281
1283
1284
1286
1289
1293
1295
1296
1298
1302
1305
1306
1326
1328
1342
1353
1355
1360
1377
1380
1384
1390
1410
1415
1421
1427
1441
1445
1447
1454
1467
1470
1474
1480
1491
1497
1509
1515
1522
1526
1527
1541
1542
1546
1547
1556
1559
1561
1562
1566
1569
1571
1572
1583
1585
1589
1595
1598
1600
1607
1618
1620
1624
1625
1627
1635
1639
1653
1655
1657
1663
1664
1669
1671
1673
1674
1675
1684
1688
1693
1699
1701
1702
1708
1713
1715
1721
1745
1746
1750
1752
1755
1761
1762
1766
1769
1778
1783
1786
1787
1795
1796
1806
1807
1812
1815
1821
1828
1836
1842
1847
1850
1853
1867
1868
1869
1870
1873
1881
1884
1886
1887
1888
1889
1895
1896
1897
1910
1926
1933
1949
1953
1958
1962
1963
1965
1974
1975
1979
1982
1984
1997
1999
2004
2010
2016
2032
2033
2035
2039
2045
2049
2052
2060
2061
2062
2079
2081
2083
2088
2106
2118
2120
2121
2130
2135
2148
2150
2161
2163
2164
2168
2169
2176
2179
2188
2190
2197
2198
2204
2206
2207
2215
2222
2223
2231
2241
2244
2245
2246
2247
2249
2255
2256
2258
2259
2260
2263
2275
2284
2285
2294
2304
2305
2310
2313
2316
2321
2323
2332
2337
2342
2345
2346
2350
2353
2359
2365
2374
2379
2386
2398
2405
2407
2415
2420
2436
2443
2445
2449
2450
2458
2469
2481
2497
2498
2501
2502
2504
2511
2516
2518
2519
2522
2523
2524
2526
2539
2547
2558
2559
2561
2563
2568
2570
2577
2593
2595
2598
2610
2613
2628
2634
2657
2658
2662
2663
2679
2683
2699
2704
2713
2720
2743
2748
2752
2757
2758
2765
2771
2772
2776
2793
2794
3003
3004
3005
3011
3016
3019
3022
3023
3024
3029
3032
3033
3034
3036
3039
3042
3046
3051
3053
3054
3074
3080
3082
3084
3087
3093
3099
3100
3106
3108
3109
3111
3118
3121
3122
3128
3129
3130
3131
3138
3141
3142
3146
3147
3148
3149
3152
3156
3161
3164
3165
3166
3168
3170
3171
3177
3185
3186
3188
3191
3193
3194
3196
3197
3199
3204
3206
3213
3214
3225
3228
3231
3232
3233
3239
3243
3252
3257
3258
3259
3260
3261
3266
3274
3277
3281
3282
3284
3287
3288
3289
3291
3292
3295
3296
3306
3309
3311
3312
3316
3317
3318
3319
3321
3325
3326
3334
3335
3336
3339
3345
3346
3348
3363
3368
3370
3372
3373
3377
3379
3380
3383
3384
3388
3389
3393
3395
3396
3399
3400
3401
3403
3404
3405
3410
3415
3417
3418
3420
3422
3423
3433
3436
3437
3442
3447
3451
3453
3458
3460
3461
3463
3464
3473
3474
3479
3482
3483
3490
3493
3494
3496
6017
6028
6035
6057
6060
6064
6073
6098
6105
6110
6142
6165
6178
6185
6189
6192
6208
6215
6224
6228
6235
6242
6244
6261
6279
6301
6304
6308
6328
6335
6336
6339
6343
6357
6382
6398
6401
6418
6422
6427
6434
6442
6446
6450
6459
6468
6469
6482
6486
6496
6497
6528
6548
6551
6565
6568
6569
6571
6577
6580
6582
6583
6588
6592
6598
6614
6615
6618
6633
6635
6643
6649
6657
6662
6668
6677
6692
6702
6703
6726
6764
6771
6780
6819
6821
6830
6842
6845
6848
6849
6878
6880
6893
6894
6903
6906
6917
6918
6925
6927
6934
6937
6952
6965
6979
6980
6981
6986
6989
6999
7010
7015
7021
7024
7037
7048
7072
7087
7091
7095
7098
7099
7100
7126
7153
7160
7168
7170
7173
7179
7181
7193
7215
7227
7228
7256
7259
7261
7267
7269
7273
7276
7281
7332
7341
7342
7350
7361
7382
7407
7411
7415
7416
7433
7452
7455
7474
7475
7476
7484
7489
7490
7492
7510
7523
7529
7546
7547
7578
7583
7585
7601
7607
7615
7618
7626
7630
7645
7660
7663
7671
7697
7711
7717
7719
7725
7727
7735
7760
7781
7782
7789
7806
7817
7824
7829
7849
7857
7877
7895
7896
7900
7901
7906
7924
7925
